masked_effects
[-0.49413229  1.76762456 -0.          1.57080308  0.          0.
  0.          3.12467499  1.98899675  0.          0.         -0.
  0.          2.04968232  0.38807272  0.68736657  0.          2.71294721
  1.34677452  1.88753687]
masked_effects
[ 0.          0.45411055  0.          0.24503064  2.77772258 -0.
  2.07894686  0.          2.22075331  0.35437604 -0.01420153  0.
 -0.91249256 -0.          1.704147    0.767284    2.62965698  2.6911906
  0.40463445 -0.48964226]
masked_effects
[-0.          0.         -0.         -0.86057358  0.          0.
  0.          1.19536709  0.87306853  1.97360377  0.07280589  0.39350122
  0.         -0.04594488 -0.13536619 -1.21328348  0.          0.42849587
  0.49888906  0.        ]
masked_effects
[ 2.14793546  0.          0.          0.         -0.32300529  0.
 -0.26459511  0.          0.          1.11077583  0.          2.79565428
  0.29975748  0.11007731  0.90356735  0.97662219  0.          0.
 -0.36609398  1.46557676]
masked_effects
[ 1.43086366  0.         -0.06456185  0.80558243  1.37694193  2.74797079
  0.          0.96375485  0.          0.          0.          0.
  2.38224056  0.          0.17268724  1.41388498  1.98327837  0.
  0.          0.        ]
(10000, 6)
DataFrame Info:
<class 'pandas.core.frame.DataFrame'>
RangeIndex: 10000 entries, 0 to 9999
Data columns (total 6 columns):
 #   Column  Non-Null Count  Dtype  
---  ------  --------------  -----  
 0   eid     10000 non-null  int64  
 1   mod1_0  10000 non-null  float64
 2   mod1_1  10000 non-null  float64
 3   mod1_2  10000 non-null  float64
 4   mod1_3  10000 non-null  float64
 5   mod1_4  10000 non-null  float64
dtypes: float64(5), int64(1)
memory usage: 468.9 KB

DataFrame Summary Statistics:
               eid        mod1_0  ...        mod1_3        mod1_4
count  10000.00000  10000.000000  ...  10000.000000  10000.000000
mean    4999.50000      0.113985  ...      0.055510     -0.013016
std     2886.89568      6.050953  ...      4.250431      4.941345
min        0.00000    -26.805437  ...    -16.663805    -17.897300
25%     2499.75000     -3.867197  ...     -2.846487     -3.313217
50%     4999.50000      0.165453  ...      0.057712     -0.073328
75%     7499.25000      4.188875  ...      2.895278      3.260205
max     9999.00000     21.728230  ...     15.461483     19.578506

[8 rows x 6 columns]
masked_effects
[ 0.         -0.          0.46078549  0.79743139  0.7249213   1.13847958
 -0.          0.38123522  0.          2.71175377  0.          0.
  0.          0.          0.581648    0.          0.77879841  2.76520253
  1.24702418  1.78922291]
masked_effects
[ 0.          1.41534534  2.10392766  0.          0.09432842 -0.93577929
  0.3890047   0.         -0.         -0.7935974   1.23693833  0.
  0.          0.         -0.3052594   0.39404245 -0.          0.
  2.69928637  0.88618361]
masked_effects
[-0.         -0.59939052  1.42670851  1.47111339  1.12275246 -0.24665786
 -0.0034071   0.62866886 -0.          0.          0.          1.51023894
  2.27279571  1.49513339  0.          0.70571792  0.68401155  1.8672069
  0.         -0.        ]
masked_effects
[ 0.          0.          0.          1.33343792  2.61730891 -0.
  0.763116    0.          2.00213517  0.77525425  0.48837858  0.90412084
  1.99206287  0.          1.6191622   2.43424177  1.04045516  0.56988133
  0.1863692  -1.05688919]
masked_effects
[-0.          1.43737371  0.          1.00186503  0.          0.
  2.12411591  0.          0.04888385  0.46904043 -0.0996683   1.20790809
  0.76683322  1.26134525 -1.34060728 -0.21883266  0.          2.02447858
  0.77358155  2.0389105 ]
(10000, 6)
DataFrame Info:
<class 'pandas.core.frame.DataFrame'>
RangeIndex: 10000 entries, 0 to 9999
Data columns (total 6 columns):
 #   Column  Non-Null Count  Dtype  
---  ------  --------------  -----  
 0   eid     10000 non-null  int64  
 1   mod2_0  10000 non-null  float64
 2   mod2_1  10000 non-null  float64
 3   mod2_2  10000 non-null  float64
 4   mod2_3  10000 non-null  float64
 5   mod2_4  10000 non-null  float64
dtypes: float64(5), int64(1)
memory usage: 468.9 KB

DataFrame Summary Statistics:
               eid        mod2_0  ...        mod2_3        mod2_4
count  10000.00000  10000.000000  ...  10000.000000  10000.000000
mean    4999.50000      0.105821  ...      0.026973      0.067812
std     2886.89568      4.835409  ...      5.472233      4.683917
min        0.00000    -16.944565  ...    -22.247060    -18.810834
25%     2499.75000     -3.108529  ...     -3.734058     -3.080798
50%     4999.50000      0.133204  ...     -0.012756      0.092219
75%     7499.25000      3.329670  ...      3.727289      3.252242
max     9999.00000     21.381003  ...     21.515423     15.927705

[8 rows x 6 columns]
masked_effects
[ 2.93258778 -0.04243581  1.70344618  2.10953904  1.3828204   1.80647513
  2.70179244 -0.          1.9215472   0.         -0.          1.80983213
 -0.16091761  0.          0.99648695  0.91221512  0.          0.
  0.          1.38659488]
masked_effects
[-0.63215284  2.64029105  0.          1.63097309  0.          0.
  0.          0.27394793  0.          0.          1.9562234   0.
 -0.          1.02864543  1.2953892  -0.63105271  0.46814286 -0.
  2.60260005  2.61939778]
masked_effects
[ 0.          0.          0.          0.25738817  1.61828329  0.
  1.84018271  1.57991573  0.          1.66934668  0.         -0.09017447
 -0.30843998  0.          1.11876443  1.08815242  0.97051691 -0.29633783
  1.98768144  1.85057874]
masked_effects
[ 2.62318014  0.          0.          1.45833051  0.          0.
  0.05248104  0.         -0.38556602  1.11824726 -0.          1.76690462
  1.88787697 -0.88119767  0.          0.77617393  0.          0.
  2.44892197 -0.19044397]
masked_effects
[0.         0.82869662 2.48703228 0.3178307  0.16576073 0.
 0.         2.82413442 0.         0.38558441 0.         1.90932136
 0.         0.         0.         0.         0.31706819 0.
 2.03439569 1.86670992]
(10000, 6)
DataFrame Info:
<class 'pandas.core.frame.DataFrame'>
RangeIndex: 10000 entries, 0 to 9999
Data columns (total 6 columns):
 #   Column  Non-Null Count  Dtype  
---  ------  --------------  -----  
 0   eid     10000 non-null  int64  
 1   mod3_0  10000 non-null  float64
 2   mod3_1  10000 non-null  float64
 3   mod3_2  10000 non-null  float64
 4   mod3_3  10000 non-null  float64
 5   mod3_4  10000 non-null  float64
dtypes: float64(5), int64(1)
memory usage: 468.9 KB

DataFrame Summary Statistics:
               eid        mod3_0  ...        mod3_3        mod3_4
count  10000.00000  10000.000000  ...  10000.000000  10000.000000
mean    4999.50000      0.026541  ...      0.014991      0.116178
std     2886.89568      6.173572  ...      4.897950      5.068579
min        0.00000    -22.991311  ...    -21.732733    -18.486849
25%     2499.75000     -4.194085  ...     -3.319832     -3.334240
50%     4999.50000      0.016643  ...     -0.041956      0.188468
75%     7499.25000      4.122410  ...      3.390149      3.563501
max     9999.00000     24.392008  ...     18.142031     21.533472

[8 rows x 6 columns]
[ 0.32766268  0.72912224  0.03656114  0.96263696  2.72756354  1.78857477
 -0.03488017  1.13482378 -0.3844475   1.83756294  0.          0.
 -0.          0.          0.          0.          0.          0.
  0.          0.        ]
[0. 0. 0. ... 0. 0. 0.]
[[ 16.8095812    3.57443991   6.89697312  13.56513997   5.74625385]
 [ -3.78733283  -1.41429673   5.20763202  -6.73187018   2.49442841]
 [ -9.2004315   -5.65176335  -3.16542007  -0.04258197  -4.02931907]
 ...
 [ 10.20050509  -3.12230627  -0.34240782  -3.4235016    4.04936718]
 [ -1.85461322   5.16788219   0.40601316   0.27330841  -1.45720577]
 [ -2.29174391   0.93986918  -7.7282098  -11.59189269  -7.78689643]]
{'mod1':   Feature        R2       MSE      Mean
0  mod1_0  0.999720  0.010258  0.113985
1  mod1_1  0.999728  0.009806  0.043684
2  mod1_2  0.998876  0.009951  0.094609
3  mod1_3  0.999461  0.009744  0.055510
4  mod1_4  0.999597  0.009830 -0.013016, 'mod2':   Feature        R2       MSE      Mean
0  mod2_0  0.999570  0.010065  0.105821
1  mod2_1  0.999414  0.010270  0.021117
2  mod2_2  0.999514  0.010052  0.004509
3  mod2_3  0.999665  0.010032  0.026973
4  mod2_4  0.999553  0.009816  0.067812, 'mod3':   Feature        R2       MSE      Mean
0  mod3_0  0.999739  0.009936  0.026541
1  mod3_1  0.999670  0.010037  0.019824
2  mod3_2  0.999542  0.009914  0.118375
3  mod3_3  0.999580  0.010068  0.014991
4  mod3_4  0.999618  0.009824  0.116178}
Impute all modalities successfully!
=== DoubleMLData Summary ===
Number of subjects: 10000
Number of outcome variables: 1
Number of omic modalities: 3
  Modality mod1: 5 features
  Modality mod2: 5 features
  Modality mod3: 5 features
Number of covariates: 20
============================
Fold 0, Feature mod1_0: X_train shape: (8000, 11), D_train shape: (8000,)
Fold 0, Feature mod1_1: X_train shape: (8000, 14), D_train shape: (8000,)
Fold 0, Feature mod1_2: X_train shape: (8000, 11), D_train shape: (8000,)
Fold 0, Feature mod1_3: X_train shape: (8000, 11), D_train shape: (8000,)
Fold 0, Feature mod1_4: X_train shape: (8000, 10), D_train shape: (8000,)
Fold 0, Feature mod2_0: X_train shape: (8000, 11), D_train shape: (8000,)
Fold 0, Feature mod2_1: X_train shape: (8000, 11), D_train shape: (8000,)
Fold 0, Feature mod2_2: X_train shape: (8000, 13), D_train shape: (8000,)
Fold 0, Feature mod2_3: X_train shape: (8000, 14), D_train shape: (8000,)
Fold 0, Feature mod2_4: X_train shape: (8000, 14), D_train shape: (8000,)
Fold 0, Feature mod3_0: X_train shape: (8000, 13), D_train shape: (8000,)
Fold 0, Feature mod3_1: X_train shape: (8000, 11), D_train shape: (8000,)
Fold 0, Feature mod3_2: X_train shape: (8000, 13), D_train shape: (8000,)
Fold 0, Feature mod3_3: X_train shape: (8000, 11), D_train shape: (8000,)
Fold 0, Feature mod3_4: X_train shape: (8000, 10), D_train shape: (8000,)
Fold 1, Feature mod1_0: X_train shape: (8000, 11), D_train shape: (8000,)
Fold 1, Feature mod1_1: X_train shape: (8000, 14), D_train shape: (8000,)
Fold 1, Feature mod1_2: X_train shape: (8000, 11), D_train shape: (8000,)
Fold 1, Feature mod1_3: X_train shape: (8000, 11), D_train shape: (8000,)
Fold 1, Feature mod1_4: X_train shape: (8000, 10), D_train shape: (8000,)
Fold 1, Feature mod2_0: X_train shape: (8000, 11), D_train shape: (8000,)
Fold 1, Feature mod2_1: X_train shape: (8000, 11), D_train shape: (8000,)
Fold 1, Feature mod2_2: X_train shape: (8000, 13), D_train shape: (8000,)
Fold 1, Feature mod2_3: X_train shape: (8000, 14), D_train shape: (8000,)
Fold 1, Feature mod2_4: X_train shape: (8000, 14), D_train shape: (8000,)
Fold 1, Feature mod3_0: X_train shape: (8000, 13), D_train shape: (8000,)
Fold 1, Feature mod3_1: X_train shape: (8000, 11), D_train shape: (8000,)
Fold 1, Feature mod3_2: X_train shape: (8000, 13), D_train shape: (8000,)
Fold 1, Feature mod3_3: X_train shape: (8000, 11), D_train shape: (8000,)
Fold 1, Feature mod3_4: X_train shape: (8000, 10), D_train shape: (8000,)
Fold 2, Feature mod1_0: X_train shape: (8000, 11), D_train shape: (8000,)
Fold 2, Feature mod1_1: X_train shape: (8000, 14), D_train shape: (8000,)
Fold 2, Feature mod1_2: X_train shape: (8000, 11), D_train shape: (8000,)
Fold 2, Feature mod1_3: X_train shape: (8000, 11), D_train shape: (8000,)
Fold 2, Feature mod1_4: X_train shape: (8000, 10), D_train shape: (8000,)
Fold 2, Feature mod2_0: X_train shape: (8000, 11), D_train shape: (8000,)
Fold 2, Feature mod2_1: X_train shape: (8000, 11), D_train shape: (8000,)
Fold 2, Feature mod2_2: X_train shape: (8000, 13), D_train shape: (8000,)
Fold 2, Feature mod2_3: X_train shape: (8000, 14), D_train shape: (8000,)
Fold 2, Feature mod2_4: X_train shape: (8000, 14), D_train shape: (8000,)
Fold 2, Feature mod3_0: X_train shape: (8000, 13), D_train shape: (8000,)
Fold 2, Feature mod3_1: X_train shape: (8000, 11), D_train shape: (8000,)
Fold 2, Feature mod3_2: X_train shape: (8000, 13), D_train shape: (8000,)
Fold 2, Feature mod3_3: X_train shape: (8000, 11), D_train shape: (8000,)
Fold 2, Feature mod3_4: X_train shape: (8000, 10), D_train shape: (8000,)
Fold 3, Feature mod1_0: X_train shape: (8000, 11), D_train shape: (8000,)
Fold 3, Feature mod1_1: X_train shape: (8000, 14), D_train shape: (8000,)
Fold 3, Feature mod1_2: X_train shape: (8000, 11), D_train shape: (8000,)
Fold 3, Feature mod1_3: X_train shape: (8000, 11), D_train shape: (8000,)
Fold 3, Feature mod1_4: X_train shape: (8000, 10), D_train shape: (8000,)
Fold 3, Feature mod2_0: X_train shape: (8000, 11), D_train shape: (8000,)
Fold 3, Feature mod2_1: X_train shape: (8000, 11), D_train shape: (8000,)
Fold 3, Feature mod2_2: X_train shape: (8000, 13), D_train shape: (8000,)
Fold 3, Feature mod2_3: X_train shape: (8000, 14), D_train shape: (8000,)
Fold 3, Feature mod2_4: X_train shape: (8000, 14), D_train shape: (8000,)
Fold 3, Feature mod3_0: X_train shape: (8000, 13), D_train shape: (8000,)
Fold 3, Feature mod3_1: X_train shape: (8000, 11), D_train shape: (8000,)
Fold 3, Feature mod3_2: X_train shape: (8000, 13), D_train shape: (8000,)
Fold 3, Feature mod3_3: X_train shape: (8000, 11), D_train shape: (8000,)
Fold 3, Feature mod3_4: X_train shape: (8000, 10), D_train shape: (8000,)
Fold 4, Feature mod1_0: X_train shape: (8000, 11), D_train shape: (8000,)
Fold 4, Feature mod1_1: X_train shape: (8000, 14), D_train shape: (8000,)
Fold 4, Feature mod1_2: X_train shape: (8000, 11), D_train shape: (8000,)
Fold 4, Feature mod1_3: X_train shape: (8000, 11), D_train shape: (8000,)
Fold 4, Feature mod1_4: X_train shape: (8000, 10), D_train shape: (8000,)
Fold 4, Feature mod2_0: X_train shape: (8000, 11), D_train shape: (8000,)
Fold 4, Feature mod2_1: X_train shape: (8000, 11), D_train shape: (8000,)
Fold 4, Feature mod2_2: X_train shape: (8000, 13), D_train shape: (8000,)
Fold 4, Feature mod2_3: X_train shape: (8000, 14), D_train shape: (8000,)
Fold 4, Feature mod2_4: X_train shape: (8000, 14), D_train shape: (8000,)
Fold 4, Feature mod3_0: X_train shape: (8000, 13), D_train shape: (8000,)
Fold 4, Feature mod3_1: X_train shape: (8000, 11), D_train shape: (8000,)
Fold 4, Feature mod3_2: X_train shape: (8000, 13), D_train shape: (8000,)
Fold 4, Feature mod3_3: X_train shape: (8000, 11), D_train shape: (8000,)
Fold 4, Feature mod3_4: X_train shape: (8000, 10), D_train shape: (8000,)
res_d.shape
res_y.shape
(10000, 15)
(10000, 1)
(10000, 1)
(10000, 15)
(10000, 15, 15)
(10000, 15)
(15, 15)
        mod1_0    mod1_1    mod1_2  ...    mod3_2    mod3_3    mod3_4
0     0.374481  0.574446 -0.537736  ...  0.383063  0.193948 -0.357490
1    -0.047377 -0.161566  0.364865  ...  0.068662 -0.043602  0.210493
2    -0.145484 -0.067860  0.016651  ...  0.011197  0.067559  0.051070
3     0.042804 -0.554335  0.068427  ... -0.092069  0.416808 -0.995402
4    -0.088776  0.074525 -0.126814  ...  0.959577 -0.108486 -1.324291
...        ...       ...       ...  ...       ...       ...       ...
9995 -1.172563  1.527992  0.723475  ... -0.032747  0.638405  0.044830
9996  0.395109  0.658086  0.018282  ... -0.260055  0.016318 -0.190418
9997  0.026463  0.037008 -0.309128  ...  0.647124  0.399249  0.365229
9998 -0.331067 -0.219011  0.119376  ...  0.363199 -0.943646  0.248581
9999 -0.000064  0.000300  0.000306  ... -0.000071 -0.000113  0.000131

[10000 rows x 15 columns]
[[ 1.02817350e-02 -7.68086438e-05 -4.58684103e-05  4.18951098e-05
  -2.51135222e-04 -6.57192873e-05 -5.53342873e-05 -3.35138812e-04
   4.52556110e-05 -1.27361669e-04 -1.85536766e-04  4.07922920e-05
   3.75873951e-05 -5.15304598e-05 -1.08373103e-04]
 [-7.68086438e-05  9.83755912e-03  6.76907245e-05 -6.23720964e-05
  -1.80569066e-05  7.53061684e-06  3.55244276e-05  1.33785842e-05
  -4.62209863e-05 -1.90922784e-05  2.59797216e-05  2.84502134e-05
   2.92192176e-05 -1.76093955e-04  1.08299230e-04]
 [-4.58684103e-05  6.76907245e-05  9.96861481e-03 -1.03075205e-04
  -1.79605298e-04 -1.03960746e-04 -7.70261784e-05  4.49938117e-06
  -8.31686648e-05  3.25126344e-04 -4.83623617e-05  3.79004456e-05
   2.78279433e-05  7.09268054e-05 -3.20153240e-05]
 [ 4.18951098e-05 -6.23720964e-05 -1.03075205e-04  9.75477458e-03
   8.72511430e-05 -1.30827434e-06  1.22660099e-04  4.56513699e-05
   1.68951514e-05 -1.85587222e-04  1.13067084e-04 -1.23471842e-04
  -6.11294510e-06 -4.45622026e-05 -1.28082082e-05]
 [-2.51135222e-04 -1.80569066e-05 -1.79605298e-04  8.72511430e-05
   9.86219879e-03 -4.19133194e-06 -1.87415717e-04  4.77578145e-05
  -1.50084602e-04 -1.13027163e-04 -1.08527170e-04 -5.70406819e-06
  -9.05410770e-06 -1.62753488e-04  1.89653740e-05]
 [-6.57192873e-05  7.53061684e-06 -1.03960746e-04 -1.30827434e-06
  -4.19133194e-06  1.00880562e-02  1.85810462e-04  1.91935513e-04
  -3.91149874e-05 -9.76338340e-06 -4.64170839e-05 -1.25985297e-04
  -1.56897414e-05  4.43546679e-05  6.71543268e-05]
 [-5.53342873e-05  3.55244276e-05 -7.70261784e-05  1.22660099e-04
  -1.87415717e-04  1.85810462e-04  1.02924441e-02  1.29044360e-04
  -8.56617206e-05  2.15964814e-05  5.33535268e-05  8.26230641e-05
   1.48939074e-04 -7.87340135e-06  2.09655620e-05]
 [-3.35138812e-04  1.33785842e-05  4.49938117e-06  4.56513699e-05
   4.77578145e-05  1.91935513e-04  1.29044360e-04  1.00887531e-02
  -4.61343820e-06  1.81691332e-04 -1.42057309e-04  5.00337941e-06
   1.35934569e-04  2.08166349e-05 -7.42758745e-05]
 [ 4.52556110e-05 -4.62209863e-05 -8.31686648e-05  1.68951514e-05
  -1.50084602e-04 -3.91149874e-05 -8.56617206e-05 -4.61343820e-06
   1.00605053e-02  3.12781080e-05 -2.90454705e-05 -1.54469121e-04
   9.29598116e-05 -3.84199220e-05 -1.73466263e-04]
 [-1.27361669e-04 -1.90922784e-05  3.25126344e-04 -1.85587222e-04
  -1.13027163e-04 -9.76338340e-06  2.15964814e-05  1.81691332e-04
   3.12781080e-05  9.85267281e-03  1.07985069e-04 -2.71869411e-05
  -2.30556768e-06 -1.25288852e-04 -4.07307646e-05]
 [-1.85536766e-04  2.59797216e-05 -4.83623617e-05  1.13067084e-04
  -1.08527170e-04 -4.64170839e-05  5.33535268e-05 -1.42057309e-04
  -2.90454705e-05  1.07985069e-04  9.96401417e-03  5.26176210e-05
  -6.27535920e-05  1.89868214e-04  7.85458682e-05]
 [ 4.07922920e-05  2.84502134e-05  3.79004456e-05 -1.23471842e-04
  -5.70406819e-06 -1.25985297e-04  8.26230641e-05  5.00337941e-06
  -1.54469121e-04 -2.71869411e-05  5.26176210e-05  1.00726975e-02
   1.34607838e-04 -1.78304363e-05  1.12333463e-04]
 [ 3.75873951e-05  2.92192176e-05  2.78279433e-05 -6.11294510e-06
  -9.05410770e-06 -1.56897414e-05  1.48939074e-04  1.35934569e-04
   9.29598116e-05 -2.30556768e-06 -6.27535920e-05  1.34607838e-04
   9.94557559e-03  1.39302603e-04 -1.43817065e-04]
 [-5.15304598e-05 -1.76093955e-04  7.09268054e-05 -4.45622026e-05
  -1.62753488e-04  4.43546679e-05 -7.87340135e-06  2.08166349e-05
  -3.84199220e-05 -1.25288852e-04  1.89868214e-04 -1.78304363e-05
   1.39302603e-04  1.00954882e-02 -1.63912334e-05]
 [-1.08373103e-04  1.08299230e-04 -3.20153240e-05 -1.28082082e-05
   1.89653740e-05  6.71543268e-05  2.09655620e-05 -7.42758745e-05
  -1.73466263e-04 -4.07307646e-05  7.85458682e-05  1.12333463e-04
  -1.43817065e-04 -1.63912334e-05  9.84438285e-03]]
(15, 15)
sigma2_hat
[[ 3.72719432e+03  1.42608482e+02 -5.77341347e+01  8.56681001e+01
   2.00996715e+01  5.55880874e+01  5.92451367e+01  7.47309725e+01
   2.75611848e+00  1.22556675e+02  9.11733197e+01 -1.01480663e+02
  -7.30574681e+01  6.74704519e+01  1.12968888e+02]
 [ 1.42608482e+02  3.99051300e+03 -5.21923434e+01  5.91986754e+01
   1.48324962e+01 -7.63314323e+01  3.18645834e+01 -1.60562713e+02
   5.45983791e+01  3.44603293e+01  3.79395522e+01 -5.89166346e+01
  -6.85214929e+01  4.23360341e+01 -7.02355740e+01]
 [-5.77341347e+01 -5.21923434e+01  3.88727171e+03 -7.37673541e+01
   6.17497503e+01  8.89253207e+01  7.20168708e+01  9.68761030e+00
   6.96762823e+01 -1.85979390e+02  3.05848889e+01  2.27374317e+01
   2.58368990e+01 -1.33552528e+01  5.71492656e+01]
 [ 8.56681001e+01  5.91986754e+01 -7.37673541e+01  4.14750971e+03
   3.34455802e+00 -1.41817176e+01 -2.78024242e+01 -1.35644359e+01
   1.47187060e+01  6.33425071e+01 -6.12299098e+01  1.19673610e+02
  -1.74629993e+01  6.33920942e+01  2.42717601e+01]
 [ 2.00996715e+01  1.48324962e+01  6.17497503e+01  3.34455802e+00
   3.97104143e+03 -3.53928318e+00  8.82007820e+01 -1.42030605e+01
   2.25503463e+02  4.76230639e+01  4.17590513e+00 -6.06116628e+00
  -5.13725889e+01  3.55715680e+01  1.23504916e+02]
 [ 5.55880874e+01 -7.63314323e+01  8.89253207e+01 -1.41817176e+01
  -3.53928318e+00  3.72182690e+03 -1.56749989e+02 -1.83953058e+01
  -3.42205534e+01  2.71143919e+01  1.79042608e+01  6.37148141e+01
  -1.95736320e+01  6.99419580e+00  6.00159015e+01]
 [ 5.92451367e+01  3.18645834e+01  7.20168708e+01 -2.78024242e+01
   8.82007820e+01 -1.56749989e+02  3.78245639e+03 -9.46702824e+01
   2.64672130e+01  1.41577041e+01 -1.14471817e+02  2.44580158e+00
  -5.94881905e+01  5.18725995e+01 -6.37836507e+01]
 [ 7.47309725e+01 -1.60562713e+02  9.68761030e+00 -1.35644359e+01
  -1.42030605e+01 -1.83953058e+01 -9.46702824e+01  3.77554733e+03
   5.36335195e+01 -3.35605248e+01  2.36790992e+01  7.97689925e+01
  -7.36422974e+01  1.62510997e+01  6.02802088e+01]
 [ 2.75611848e+00  5.45983791e+01  6.96762823e+01  1.47187060e+01
   2.25503463e+02 -3.42205534e+01  2.64672130e+01  5.36335195e+01
   3.92843169e+03  2.11197324e+01 -3.65662445e+01  3.34913923e+01
  -1.31133977e+02 -5.38852767e+01  1.58506827e+02]
 [ 1.22556675e+02  3.44603293e+01 -1.85979390e+02  6.33425071e+01
   4.76230639e+01  2.71143919e+01  1.41577041e+01 -3.35605248e+01
   2.11197324e+01  3.79271423e+03  3.45609148e+01  1.63638704e+01
  -6.66422472e+01  7.03579370e-01  8.96865461e+01]
 [ 9.11733197e+01  3.79395522e+01  3.05848889e+01 -6.12299098e+01
   4.17590513e+00  1.79042608e+01 -1.14471817e+02  2.36790992e+01
  -3.65662445e+01  3.45609148e+01  3.88165737e+03 -3.98748137e+01
   5.65495891e+01 -1.34880807e+02  3.11956503e-01]
 [-1.01480663e+02 -5.89166346e+01  2.27374317e+01  1.19673610e+02
  -6.06116628e+00  6.37148141e+01  2.44580158e+00  7.97689925e+01
   3.34913923e+01  1.63638704e+01 -3.98748137e+01  3.81810841e+03
  -6.71844568e+01 -1.54311256e+01 -1.03882417e+02]
 [-7.30574681e+01 -6.85214929e+01  2.58368990e+01 -1.74629993e+01
  -5.13725889e+01 -1.95736320e+01 -5.94881905e+01 -7.36422974e+01
  -1.31133977e+02 -6.66422472e+01  5.65495891e+01 -6.71844568e+01
   3.84124898e+03 -2.30191280e+00 -1.91972854e+01]
 [ 6.74704519e+01  4.23360341e+01 -1.33552528e+01  6.33920942e+01
   3.55715680e+01  6.99419580e+00  5.18725995e+01  1.62510997e+01
  -5.38852767e+01  7.03579370e-01 -1.34880807e+02 -1.54311256e+01
  -2.30191280e+00  3.81737770e+03  5.60062353e+01]
 [ 1.12968888e+02 -7.02355740e+01  5.71492656e+01  2.42717601e+01
   1.23504916e+02  6.00159015e+01 -6.37836507e+01  6.02802088e+01
   1.58506827e+02  8.96865461e+01  3.11956503e-01 -1.03882417e+02
  -1.91972854e+01  5.60062353e+01  3.88273136e+03]]
        mod1_0    mod1_1    mod1_2  ...    mod3_2    mod3_3    mod3_4
0     0.394888  0.605750 -0.567039  ...  0.403938  0.204518 -0.376971
1    -0.048829 -0.166516  0.376044  ...  0.070766 -0.044938  0.216941
2    -0.100151 -0.046715  0.011463  ...  0.007708  0.046508  0.035157
3     0.041819 -0.541579  0.066852  ... -0.089951  0.407217 -0.972496
4    -0.090031  0.075579 -0.128606  ...  0.973143 -0.110020 -1.343014
...        ...       ...       ...  ...       ...       ...       ...
9995 -1.182239  1.540600  0.729444  ... -0.033017  0.643673  0.045200
9996  0.430536  0.717094  0.019921  ... -0.283373  0.017781 -0.207492
9997  0.024776  0.034648 -0.289420  ...  0.605867  0.373795  0.341944
9998 -0.321198 -0.212482  0.115817  ...  0.352372 -0.915515  0.241170
9999 -0.013915  0.065540  0.066895  ... -0.015612 -0.024688  0.028542

[10000 rows x 15 columns]
(15,)
(15,)
        mod1_0    mod1_1    mod1_2  ...    mod3_2    mod3_3    mod3_4
0     0.394888  0.605750 -0.567039  ...  0.403938  0.204518 -0.376971
1    -0.048829 -0.166516  0.376044  ...  0.070766 -0.044938  0.216941
2    -0.100151 -0.046715  0.011463  ...  0.007708  0.046508  0.035157
3     0.041819 -0.541579  0.066852  ... -0.089951  0.407217 -0.972496
4    -0.090031  0.075579 -0.128606  ...  0.973143 -0.110020 -1.343014
...        ...       ...       ...  ...       ...       ...       ...
9995 -1.182239  1.540600  0.729444  ... -0.033017  0.643673  0.045200
9996  0.430536  0.717094  0.019921  ... -0.283373  0.017781 -0.207492
9997  0.024776  0.034648 -0.289420  ...  0.605867  0.373795  0.341944
9998 -0.321198 -0.212482  0.115817  ...  0.352372 -0.915515  0.241170
9999 -0.013915  0.065540  0.066895  ... -0.015612 -0.024688  0.028542

[10000 rows x 15 columns]
        mod1_0    mod1_1    mod1_2  ...    mod3_2    mod3_3    mod3_4
0     0.374481  0.574446 -0.537736  ...  0.383063  0.193948 -0.357490
1    -0.047377 -0.161566  0.364865  ...  0.068662 -0.043602  0.210493
2    -0.145484 -0.067860  0.016651  ...  0.011197  0.067559  0.051070
3     0.042804 -0.554335  0.068427  ... -0.092069  0.416808 -0.995402
4    -0.088776  0.074525 -0.126814  ...  0.959577 -0.108486 -1.324291
...        ...       ...       ...  ...       ...       ...       ...
9995 -1.172563  1.527992  0.723475  ... -0.032747  0.638405  0.044830
9996  0.395109  0.658086  0.018282  ... -0.260055  0.016318 -0.190418
9997  0.026463  0.037008 -0.309128  ...  0.647124  0.399249  0.365229
9998 -0.331067 -0.219011  0.119376  ...  0.363199 -0.943646  0.248581
9999 -0.000064  0.000300  0.000306  ... -0.000071 -0.000113  0.000131

[10000 rows x 15 columns]

Summary:
{'coef': array([-1.48975200e+00, -6.23497165e-01, -2.97587787e-01, -1.28993977e-01,
        1.18816428e+00, -4.74138516e-01,  4.63372349e-01,  1.27885139e-01,
       -1.45689875e-03,  8.90592814e-01, -1.05404785e+00,  1.08463350e-01,
        1.65885169e-01,  1.98888750e-01,  4.84956793e-01]), 'se': array([0.61050752, 0.63170507, 0.62347989, 0.64401162, 0.630162  ,
       0.61006777, 0.61501678, 0.61445483, 0.62677202, 0.61585016,
       0.62302948, 0.61790844, 0.6197781 , 0.61784931, 0.62311567]), 't': {0: -2.440186158910317, 1: -0.9870067400417439, 2: -0.47730134192298385}, 'pval': {0: 0.014679695020310746, 1: 0.32363933442266557, 2: 0.6331475555403105}}

Summary saved in /work/users/y/y/yyang96/Project2/results/simulation/scenario_1/n_obs_10000_missing_mechanism_MCAR_missing_prob_1/simulation_0/dml_summary.pkl
   Modality Feature  True Effect  Estimated Effect        SE
0      mod1  mod1_0         -1.0         -1.489752  0.610508
1      mod1  mod1_1          0.0         -0.623497  0.631705
2      mod1  mod1_2          0.0         -0.297588  0.623480
3      mod1  mod1_3          0.0         -0.128994  0.644012
4      mod1  mod1_4          1.0          1.188164  0.630162
5      mod2  mod2_0         -1.0         -1.489752  0.610508
6      mod2  mod2_1          0.0         -0.623497  0.631705
7      mod2  mod2_2          0.0         -0.297588  0.623480
8      mod2  mod2_3          0.0         -0.128994  0.644012
9      mod2  mod2_4          1.0          1.188164  0.630162
10     mod3  mod3_0         -1.0         -1.489752  0.610508
11     mod3  mod3_1          0.0         -0.623497  0.631705
12     mod3  mod3_2          0.0         -0.297588  0.623480
13     mod3  mod3_3          0.0         -0.128994  0.644012
14     mod3  mod3_4          1.0          1.188164  0.630162
masked_effects
[-0.          1.76762456 -0.50111604  1.57080308  1.74165877  0.69969612
  1.86201006  0.          1.98899675  0.          0.         -0.61134115
  1.18978942  0.          0.          0.          1.53392877  0.
  1.34677452  0.        ]
masked_effects
[ 2.39307991  0.45411055  0.8950955   0.          2.77772258 -2.54130772
  0.          2.42845445  0.          0.         -0.          1.60901655
 -0.91249256 -0.          1.704147    0.767284    0.          2.6911906
  0.40463445 -0.48964226]
masked_effects
[-0.30488694  0.         -0.85699284 -0.86057358  2.03616979  0.
  0.81028365  1.19536709  0.87306853  0.          0.          0.
  1.05277851 -0.04594488 -0.13536619 -1.21328348  0.          0.42849587
  0.49888906  1.16404321]
masked_effects
[ 0.          0.26159747  0.91396474  0.         -0.          0.
 -0.          0.61698859  1.05899407  1.11077583  0.6183662   0.
  0.          0.11007731  0.          0.          0.          1.60959068
 -0.36609398  1.46557676]
masked_effects
[ 0.          0.         -0.06456185  0.80558243  1.37694193  2.74797079
  2.77100095  0.          0.99554097  0.695019    0.88686388  1.9001899
  2.38224056  2.40654414  0.17268724  1.41388498  0.          0.
  0.          0.6923919 ]
(10000, 6)
DataFrame Info:
<class 'pandas.core.frame.DataFrame'>
RangeIndex: 10000 entries, 0 to 9999
Data columns (total 6 columns):
 #   Column  Non-Null Count  Dtype  
---  ------  --------------  -----  
 0   eid     10000 non-null  int64  
 1   mod1_0  10000 non-null  float64
 2   mod1_1  10000 non-null  float64
 3   mod1_2  10000 non-null  float64
 4   mod1_3  10000 non-null  float64
 5   mod1_4  10000 non-null  float64
dtypes: float64(5), int64(1)
memory usage: 468.9 KB

DataFrame Summary Statistics:
               eid        mod1_0  ...        mod1_3        mod1_4
count  10000.00000  10000.000000  ...  10000.000000  10000.000000
mean    4999.50000      0.097547  ...      0.024280      0.099414
std     2886.89568      4.755403  ...      2.955886      6.178202
min        0.00000    -18.949600  ...    -10.965760    -21.889603
25%     2499.75000     -3.083997  ...     -1.976275     -4.066699
50%     4999.50000      0.102646  ...      0.008859      0.082830
75%     7499.25000      3.269822  ...      2.016774      4.234333
max     9999.00000     16.634952  ...     11.215947     24.638161

[8 rows x 6 columns]
masked_effects
[ 0.40410191 -0.          0.46078549  0.          0.7249213   0.
 -0.          0.38123522  0.          2.71175377  0.13505469  1.61977217
  2.66298916  1.6352273   0.          1.45344662  0.          2.76520253
  0.          1.78922291]
masked_effects
[ 1.91466652  0.          2.10392766  1.24767665  0.09432842 -0.
  0.3890047   2.21849726 -0.19596202 -0.          1.23693833  0.24857487
  1.27970503  1.81318337 -0.          0.         -0.14144534  0.
  2.69928637  0.        ]
masked_effects
[-0.55974684 -0.          1.42670851  0.          1.12275246 -0.24665786
 -0.0034071   0.62866886 -0.8895993   0.          2.30653485  0.
  2.27279571  1.49513339  0.          0.70571792  0.          1.8672069
  1.76623852 -0.02722634]
masked_effects
[ 1.26025459  1.0116849   1.82086692  1.33343792  2.61730891 -0.
  0.          1.21152464  2.00213517  0.77525425  0.48837858  0.
  1.99206287  1.46207623  1.6191622   0.          1.04045516  0.
  0.         -0.        ]
masked_effects
[-0.26842702  1.43737371  2.2082626   1.00186503  1.13912269  2.92229555
  2.12411591  0.          0.          0.         -0.0996683   0.
  0.76683322  1.26134525 -1.34060728 -0.21883266  0.          0.
  0.77358155  2.0389105 ]
(10000, 6)
DataFrame Info:
<class 'pandas.core.frame.DataFrame'>
RangeIndex: 10000 entries, 0 to 9999
Data columns (total 6 columns):
 #   Column  Non-Null Count  Dtype  
---  ------  --------------  -----  
 0   eid     10000 non-null  int64  
 1   mod2_0  10000 non-null  float64
 2   mod2_1  10000 non-null  float64
 3   mod2_2  10000 non-null  float64
 4   mod2_3  10000 non-null  float64
 5   mod2_4  10000 non-null  float64
dtypes: float64(5), int64(1)
memory usage: 468.9 KB

DataFrame Summary Statistics:
               eid        mod2_0  ...        mod2_3        mod2_4
count  10000.00000  10000.000000  ...  10000.000000  10000.000000
mean    4999.50000      0.043782  ...      0.136980      0.073066
std     2886.89568      5.838749  ...      5.555131      5.610343
min        0.00000    -20.520775  ...    -22.459004    -22.975516
25%     2499.75000     -3.924575  ...     -3.582768     -3.626951
50%     4999.50000      0.065843  ...      0.132068      0.086291
75%     7499.25000      3.869447  ...      3.971773      3.797301
max     9999.00000     22.460085  ...     22.788990     23.093177

[8 rows x 6 columns]
masked_effects
[ 2.93258778 -0.04243581  1.70344618  0.          0.          0.
  0.         -0.          1.9215472   0.         -2.11928611  0.
 -0.          0.84341836  0.          0.91221512  0.92580315  0.
  1.96876537  1.38659488]
masked_effects
[-0.          0.          0.          0.          1.37063903  2.11494488
  0.          0.27394793  0.33247856  0.          0.          3.730369
 -0.20550974  1.02864543  1.2953892  -0.63105271  0.46814286 -0.
  0.          0.        ]
masked_effects
[ 0.67357959  2.05732139  0.          0.25738817  0.          0.99819231
  0.          1.57991573  0.          0.          0.61992639 -0.09017447
 -0.30843998  0.          1.11876443  1.08815242  0.97051691 -0.29633783
  1.98768144  1.85057874]
masked_effects
[ 2.62318014  0.73756225  0.          1.45833051  0.          0.
  0.05248104  0.57576441 -0.38556602  1.11824726 -0.49661802  1.76690462
  0.         -0.88119767  0.          0.77617393  2.10432042  1.69680807
  2.44892197 -0.        ]
masked_effects
[1.88769729 0.82869662 2.48703228 0.         0.16576073 1.16987335
 0.34329707 2.82413442 0.99750899 0.38558441 0.         0.
 0.         0.         0.         0.         0.         1.21085659
 2.03439569 1.86670992]
(10000, 6)
DataFrame Info:
<class 'pandas.core.frame.DataFrame'>
RangeIndex: 10000 entries, 0 to 9999
Data columns (total 6 columns):
 #   Column  Non-Null Count  Dtype  
---  ------  --------------  -----  
 0   eid     10000 non-null  int64  
 1   mod3_0  10000 non-null  float64
 2   mod3_1  10000 non-null  float64
 3   mod3_2  10000 non-null  float64
 4   mod3_3  10000 non-null  float64
 5   mod3_4  10000 non-null  float64
dtypes: float64(5), int64(1)
memory usage: 468.9 KB

DataFrame Summary Statistics:
               eid        mod3_0  ...        mod3_3        mod3_4
count  10000.00000  10000.000000  ...  10000.000000  10000.000000
mean    4999.50000      0.051349  ...      0.009415      0.027922
std     2886.89568      5.287811  ...      5.428292      5.502915
min        0.00000    -18.890011  ...    -20.047182    -20.519941
25%     2499.75000     -3.539907  ...     -3.682139     -3.706469
50%     4999.50000      0.040490  ...      0.015505      0.016074
75%     7499.25000      3.627411  ...      3.676784      3.762561
max     9999.00000     20.164848  ...     21.069636     22.618765

[8 rows x 6 columns]
[ 0.32766268  0.72912224  0.03656114  0.96263696  2.72756354  1.78857477
 -0.03488017  1.13482378 -0.3844475   1.83756294  0.          0.
 -0.          0.          0.          0.          0.          0.
  0.          0.        ]
[0. 0. 0. ... 0. 0. 0.]
[[ 0.76086405 -9.62427963 -1.44191906 -5.10887769 -2.70425164]
 [ 1.73179231 -4.19916256  2.12421145  1.3654948   2.86959602]
 [ 0.57826629 -2.17867101  5.04501898  7.25308954  5.91682674]
 ...
 [-2.02110063 -6.25529205 -2.50552096 -6.78482738 -6.91796082]
 [ 7.70273233  0.21978436  2.64745491 -5.42002884  1.01463705]
 [-5.02927077 -2.81172848  1.04828395 -2.84954486 -0.9246316 ]]
{'mod1':   Feature        R2       MSE      Mean
0  mod1_0  0.999555  0.010060  0.097547
1  mod1_1  0.999758  0.009985  0.055137
2  mod1_2  0.999238  0.009784  0.027939
3  mod1_3  0.998860  0.009957  0.024280
4  mod1_4  0.999738  0.009994  0.099414, 'mod2':   Feature        R2       MSE      Mean
0  mod2_0  0.999711  0.009850  0.043782
1  mod2_1  0.999662  0.009866  0.024866
2  mod2_2  0.999594  0.010115 -0.000536
3  mod2_3  0.999674  0.010067  0.136980
4  mod2_4  0.999684  0.009930  0.073066, 'mod3':   Feature        R2       MSE      Mean
0  mod3_0  0.999645  0.009913  0.051349
1  mod3_1  0.999581  0.009909  0.032153
2  mod3_2  0.999489  0.009938  0.057236
3  mod3_3  0.999668  0.009782  0.009415
4  mod3_4  0.999675  0.009847  0.027922}
Impute all modalities successfully!
=== DoubleMLData Summary ===
Number of subjects: 10000
Number of outcome variables: 1
Number of omic modalities: 3
  Modality mod1: 5 features
  Modality mod2: 5 features
  Modality mod3: 5 features
Number of covariates: 20
============================
Fold 0, Feature mod1_0: X_train shape: (8000, 11), D_train shape: (8000,)
Fold 0, Feature mod1_1: X_train shape: (8000, 13), D_train shape: (8000,)
Fold 0, Feature mod1_2: X_train shape: (8000, 14), D_train shape: (8000,)
Fold 0, Feature mod1_3: X_train shape: (8000, 10), D_train shape: (8000,)
Fold 0, Feature mod1_4: X_train shape: (8000, 14), D_train shape: (8000,)
Fold 0, Feature mod2_0: X_train shape: (8000, 12), D_train shape: (8000,)
Fold 0, Feature mod2_1: X_train shape: (8000, 13), D_train shape: (8000,)
Fold 0, Feature mod2_2: X_train shape: (8000, 14), D_train shape: (8000,)
Fold 0, Feature mod2_3: X_train shape: (8000, 13), D_train shape: (8000,)
Fold 0, Feature mod2_4: X_train shape: (8000, 14), D_train shape: (8000,)
Fold 0, Feature mod3_0: X_train shape: (8000, 10), D_train shape: (8000,)
Fold 0, Feature mod3_1: X_train shape: (8000, 10), D_train shape: (8000,)
Fold 0, Feature mod3_2: X_train shape: (8000, 14), D_train shape: (8000,)
Fold 0, Feature mod3_3: X_train shape: (8000, 14), D_train shape: (8000,)
Fold 0, Feature mod3_4: X_train shape: (8000, 12), D_train shape: (8000,)
Fold 1, Feature mod1_0: X_train shape: (8000, 11), D_train shape: (8000,)
Fold 1, Feature mod1_1: X_train shape: (8000, 13), D_train shape: (8000,)
Fold 1, Feature mod1_2: X_train shape: (8000, 14), D_train shape: (8000,)
Fold 1, Feature mod1_3: X_train shape: (8000, 10), D_train shape: (8000,)
Fold 1, Feature mod1_4: X_train shape: (8000, 14), D_train shape: (8000,)
Fold 1, Feature mod2_0: X_train shape: (8000, 12), D_train shape: (8000,)
Fold 1, Feature mod2_1: X_train shape: (8000, 13), D_train shape: (8000,)
Fold 1, Feature mod2_2: X_train shape: (8000, 14), D_train shape: (8000,)
Fold 1, Feature mod2_3: X_train shape: (8000, 13), D_train shape: (8000,)
Fold 1, Feature mod2_4: X_train shape: (8000, 14), D_train shape: (8000,)
Fold 1, Feature mod3_0: X_train shape: (8000, 10), D_train shape: (8000,)
Fold 1, Feature mod3_1: X_train shape: (8000, 10), D_train shape: (8000,)
Fold 1, Feature mod3_2: X_train shape: (8000, 14), D_train shape: (8000,)
Fold 1, Feature mod3_3: X_train shape: (8000, 14), D_train shape: (8000,)
Fold 1, Feature mod3_4: X_train shape: (8000, 12), D_train shape: (8000,)
Fold 2, Feature mod1_0: X_train shape: (8000, 11), D_train shape: (8000,)
Fold 2, Feature mod1_1: X_train shape: (8000, 13), D_train shape: (8000,)
Fold 2, Feature mod1_2: X_train shape: (8000, 14), D_train shape: (8000,)
Fold 2, Feature mod1_3: X_train shape: (8000, 10), D_train shape: (8000,)
Fold 2, Feature mod1_4: X_train shape: (8000, 14), D_train shape: (8000,)
Fold 2, Feature mod2_0: X_train shape: (8000, 12), D_train shape: (8000,)
Fold 2, Feature mod2_1: X_train shape: (8000, 13), D_train shape: (8000,)
Fold 2, Feature mod2_2: X_train shape: (8000, 14), D_train shape: (8000,)
Fold 2, Feature mod2_3: X_train shape: (8000, 13), D_train shape: (8000,)
Fold 2, Feature mod2_4: X_train shape: (8000, 14), D_train shape: (8000,)
Fold 2, Feature mod3_0: X_train shape: (8000, 10), D_train shape: (8000,)
Fold 2, Feature mod3_1: X_train shape: (8000, 10), D_train shape: (8000,)
Fold 2, Feature mod3_2: X_train shape: (8000, 14), D_train shape: (8000,)
Fold 2, Feature mod3_3: X_train shape: (8000, 14), D_train shape: (8000,)
Fold 2, Feature mod3_4: X_train shape: (8000, 12), D_train shape: (8000,)
Fold 3, Feature mod1_0: X_train shape: (8000, 11), D_train shape: (8000,)
Fold 3, Feature mod1_1: X_train shape: (8000, 13), D_train shape: (8000,)
Fold 3, Feature mod1_2: X_train shape: (8000, 14), D_train shape: (8000,)
Fold 3, Feature mod1_3: X_train shape: (8000, 10), D_train shape: (8000,)
Fold 3, Feature mod1_4: X_train shape: (8000, 14), D_train shape: (8000,)
Fold 3, Feature mod2_0: X_train shape: (8000, 12), D_train shape: (8000,)
Fold 3, Feature mod2_1: X_train shape: (8000, 13), D_train shape: (8000,)
Fold 3, Feature mod2_2: X_train shape: (8000, 14), D_train shape: (8000,)
Fold 3, Feature mod2_3: X_train shape: (8000, 13), D_train shape: (8000,)
